202125310316 246868 441423200311240024 刘逸璇 女 2003.11.24 18926176642 2003 2022-4-9 8001 2022-5-12 0 0 0 0 0 0 0 0 0 0 0 0 0 0 0 0
202125310301 246868 441423200311010024 柯南 男 2003.11.01 12345678912 0 2022-6-10 1002 2022-6-10 1003 2022-6-10 1004 2022-6-10 2001 2022-6-10 2002 2022-6-10 2003 2022-6-10 1005 2022-6-10 2004 2022-6-10 3001 2022-6-10
202111039090 246868 441421200011122278 赤井秀一 男 2000.01.03 13564852556 0 0 0 0 0 0 0 0 0 0 0 0 0 0 0 0 0 0 0 0
202111112322 246868 445621200311119878 安室透 男 2003.11.11 13265465988 0 0 0 0 0 0 0 0 0 0 0 0 0 0 0 0 0 0 0 0
203544123688 246868 222145199010236541 毛利小五郎 男 1990.10.23 14456597979 0 0 0 0 0 0 0 0 0 0 0 0 0 0 0 0 0 0 0 0
232654610231 246868 445421199912204414 贝尔摩德 女 1999.12.20 13526487913 0 0 0 0 0 0 0 0 0 0 0 0 0 0 0 0 0 0 0 0
202911920909 246868 445474198510039898 工藤优作 男 1985.10.03 13564201332 5003 2022-6-11 0 0 0 0 0 0 0 0 0 0 0 0 0 0 0 0 0 0
202111023566 246868 441420200211122270 黑羽快斗 男 2002.11.12 13531670115 0 0 0 0 0 0 0 0 0 0 0 0 0 0 0 0 0 0 0 0
203165489797 246868 114121200311142589 灰原哀 女 2003.11.14 13265462009 0 0 0 0 0 0 0 0 0 0 0 0 0 0 0 0 0 0 0 0
232111236522 246868 442421197002036664 目暮十三 男 1970.02.03 18945621568 0 0 0 0 0 0 0 0 0 0 0 0 0 0 0 0 0 0 0 0
212121212121 246868 441452199905043332 毛利兰 女 1999.05.04 12345678965 0 0 0 0 0 0 0 0 0 0 0 0 0 0 0 0 0 0 0 0
232355645255 246868 223215200311130021 中森青子 女 2003.11.13 13562645897 0 0 0 0 0 0 0 0 0 0 0 0 0 0 0 0 0 0 0 0
303211236566 246868 552514198906096655 琴酒 男 1989.06.09 13625402111 0 0 0 0 0 0 0 0 0 0 0 0 0 0 0 0 0 0 0 0
202411326566 246868 445461200612053265 元太 男 2006.12.05 13625465895 0 0 0 0 0 0 0 0 0 0 0 0 0 0 0 0 0 0 0 0
654566580231 246868 445462198607051616 黑羽盗一 男 1986.07.05 13652563002 0 0 0 0 0 0 0 0 0 0 0 0 0 0 0 0 0 0 0 0
232655652322 246868 332125200010103366 铃木园子 女 2000.10.10 13523650001 0 0 0 0 0 0 0 0 0 0 0 0 0 0 0 0 0 0 0 0
652133254611 246868 221202199911260003 京极真 男 1999.11.26 18564231025 0 0 0 0 0 0 0 0 0 0 0 0 0 0 0 0 0 0 0 0
232355456566 246868 223213199102132222 工藤有希子 女 1991.02.13 11445452544 0 0 0 0 0 0 0 0 0 0 0 0 0 0 0 0 0 0 0 0
202111039099 246868 441421200211122271 罗增辉 男 2002.11.12 18924716128 8006 2022-6-11 8003 2022-6-11 8007 2022-5-14 8001 2022-5-12 0 0 0 0 0 0 0 0 0 0 0 0
232323232323 246868 551221200811103354 步美 女 2008.11.10 12356235402 0 0 0 0 0 0 0 0 0 0 0 0 0 0 0 0 0 0 0 0
202125310302 246868 441423201012190258 波吉 男 2010.12.19 159357456852 0 0 0 0 0 0 0 0 0 0 0 0 0 0 0 0 0 0 0 0 